1 0.710693 0.534505 0.036621 0.065104
1 0.600098 0.466471 0.018555 0.037109
1 0.550537 0.433268 0.016113 0.029297
1 0.295166 0.545247 0.032715 0.059245
1 0.354980 0.474609 0.024414 0.037760
1 0.523438 0.418620 0.008789 0.016927
1 0.382812 0.442708 0.014648 0.023438
1 0.401611 0.425781 0.009277 0.014323
1 0.501953 0.414062 0.006836 0.013021
1 0.494385 0.411784 0.007324 0.011068
1 0.480469 0.410156 0.005859 0.007812
1 0.418457 0.413411 0.004883 0.009115
1 0.487305 0.411133 0.004883 0.009766
1 0.477051 0.407552 0.004883 0.009115
1 0.411621 0.416667 0.004883 0.010417
