1 0.262451 0.473307 0.025879 0.039062
1 0.679199 0.599284 0.057617 0.095703
1 0.159912 0.544596 0.046387 0.067057
1 0.312012 0.437174 0.010742 0.020182
1 0.498047 0.455729 0.017578 0.032552
1 0.462646 0.428711 0.010254 0.020182
1 0.225342 0.459310 0.014160 0.026693
1 0.182129 0.437174 0.009766 0.020182
1 0.273193 0.418620 0.007324 0.014323
1 0.331787 0.423828 0.008301 0.016927
1 0.444336 0.414714 0.006836 0.014323
1 0.437500 0.407227 0.006836 0.012370
1 0.348877 0.409180 0.006348 0.013672
1 0.356689 0.404622 0.006348 0.011068
1 0.336914 0.401367 0.004883 0.009766
1 0.430664 0.400391 0.006836 0.011719
1 0.200439 0.409180 0.007324 0.011068
1 0.105225 0.419922 0.009277 0.014323
