1 0.652500 0.436655 0.025000 0.042230
1 0.358125 0.448480 0.021250 0.045608
1 0.070625 0.665541 0.081250 0.141892
1 0.526250 0.413851 0.015000 0.030405
1 0.293750 0.425676 0.012500 0.027027
1 0.230000 0.418919 0.012500 0.027027
1 0.328750 0.407095 0.012500 0.023649
1 0.405625 0.408784 0.013750 0.027027
1 0.256875 0.406250 0.008750 0.018581
1 0.165625 0.418074 0.008750 0.021959
1 0.099375 0.416385 0.011250 0.021959
1 0.201250 0.405405 0.007500 0.016892
1 0.305000 0.377534 0.007500 0.015203
1 0.030625 0.417230 0.008750 0.020270
1 0.812500 0.503378 0.027500 0.057432
1 0.632500 0.367399 0.007500 0.011824
