1 0.280859 0.549306 0.016406 0.048611
1 0.568750 0.502778 0.017188 0.050000
1 0.380859 0.495139 0.010156 0.029167
1 0.577344 0.465278 0.010937 0.027778
1 0.538281 0.442361 0.007812 0.015278
1 0.453125 0.471528 0.009375 0.023611
1 0.611719 0.447917 0.007812 0.020833
1 0.424609 0.454861 0.008594 0.020833
1 0.584375 0.442361 0.007812 0.020833
1 0.371094 0.457639 0.007812 0.015278
1 0.346094 0.462500 0.007812 0.016667
1 0.469531 0.461806 0.010937 0.023611
1 0.459375 0.458333 0.007812 0.025000
1 0.384375 0.459722 0.007812 0.013889
1 0.481250 0.444444 0.007812 0.019444
1 0.300000 0.468056 0.007812 0.013889
