1 0.136719 0.440755 0.009766 0.018229
1 0.133301 0.429688 0.007812 0.015625
1 0.214844 0.424805 0.007812 0.014974
1 0.192627 0.420247 0.007324 0.013672
1 0.042480 0.443685 0.010742 0.018880
1 0.263428 0.416992 0.006348 0.011068
1 0.239502 0.412435 0.005371 0.011068
1 0.298828 0.402018 0.004883 0.011068
1 0.272461 0.407878 0.006836 0.011068
1 0.292480 0.413086 0.005859 0.012370
1 0.334473 0.396810 0.004883 0.008464
1 0.318115 0.399089 0.005371 0.009115
1 0.319092 0.407552 0.005371 0.009115
1 0.350098 0.394857 0.004883 0.007161
