1 0.348389 0.530924 0.033691 0.063151
1 0.650635 0.462565 0.020020 0.035807
1 0.461426 0.427083 0.011719 0.022135
1 0.440430 0.444661 0.013672 0.026042
1 0.475342 0.418620 0.006348 0.014323
1 0.832031 0.597982 0.047852 0.087891
1 0.584229 0.421224 0.008301 0.018229
1 0.827148 0.434245 0.008789 0.018229
1 0.559082 0.412435 0.006836 0.011068
1 0.481934 0.412435 0.004883 0.012370
1 0.487305 0.408529 0.004883 0.009766
1 0.597168 0.414388 0.004883 0.011068
1 0.811768 0.412435 0.005371 0.008464
1 0.714844 0.411784 0.004883 0.009766
1 0.731445 0.410156 0.004883 0.009115
1 0.765625 0.408854 0.004883 0.007812
1 0.491943 0.406576 0.005371 0.009766
1 0.547852 0.405273 0.004883 0.007161
1 0.592773 0.408203 0.004883 0.007812
1 0.659668 0.406576 0.004883 0.007161
1 0.622559 0.401042 0.004883 0.006510
