1 0.769531 0.533854 0.031250 0.062500
1 0.385498 0.490234 0.020020 0.039062
1 0.420166 0.457031 0.017090 0.032552
1 0.632812 0.436198 0.011719 0.026042
1 0.643799 0.456055 0.015137 0.030599
1 0.434570 0.441732 0.010742 0.024089
1 0.477539 0.429036 0.010742 0.019531
1 0.533447 0.419596 0.009277 0.018880
1 0.734619 0.422526 0.009277 0.018229
1 0.585449 0.413737 0.010742 0.018880
1 0.651855 0.411784 0.006836 0.016276
1 0.722900 0.409831 0.009277 0.016276
1 0.865234 0.425456 0.013672 0.021484
1 0.795410 0.410156 0.006836 0.015625
1 0.908203 0.414388 0.007812 0.014974
