1 0.190234 0.527083 0.016406 0.043056
1 0.256641 0.506944 0.011719 0.033333
1 0.451562 0.501389 0.020313 0.044444
1 0.390625 0.481250 0.007812 0.023611
1 0.370312 0.472222 0.007812 0.019444
1 0.267578 0.497222 0.010156 0.025000
1 0.325781 0.469444 0.007812 0.019444
1 0.286719 0.468056 0.007812 0.016667
1 0.250781 0.481250 0.007812 0.020833
1 0.103906 0.474306 0.007812 0.018056
1 0.188281 0.475694 0.007812 0.020833
1 0.230469 0.470139 0.007812 0.020833
1 0.157812 0.466667 0.007812 0.013889
1 0.128125 0.461111 0.007812 0.013889
1 0.267578 0.486111 0.008594 0.022222
1 0.307031 0.451389 0.007812 0.013889
1 0.170313 0.455556 0.007812 0.013889
1 0.078125 0.465278 0.007812 0.013889
1 0.349219 0.459028 0.007812 0.015278
1 0.531250 0.440278 0.007812 0.013889
1 0.471094 0.443056 0.007812 0.013889
1 0.209375 0.452778 0.007812 0.013889
1 0.507812 0.438889 0.007812 0.013889
1 0.022656 0.475000 0.007812 0.013889
1 0.457031 0.444444 0.007812 0.013889
1 0.437500 0.445139 0.007812 0.015278
1 0.398438 0.451389 0.007812 0.013889
