1 0.891602 0.603841 0.055664 0.085286
1 0.205322 0.617188 0.059082 0.091146
1 0.617432 0.458659 0.016113 0.027995
1 0.393799 0.463542 0.015137 0.028646
1 0.434570 0.435221 0.009766 0.017578
1 0.557861 0.433594 0.008301 0.016927
1 0.550781 0.425781 0.009766 0.023438
1 0.538086 0.423503 0.005859 0.012370
1 0.530273 0.418945 0.004883 0.009766
1 0.455078 0.416016 0.004883 0.007812
1 0.440430 0.427083 0.006836 0.024740
1 0.467285 0.413411 0.004883 0.006510
1 0.447754 0.424479 0.004883 0.011719
1 0.517578 0.413737 0.004883 0.008464
