1 0.112793 0.660156 0.061523 0.104167
1 0.825684 0.524740 0.032227 0.058594
1 0.887695 0.696940 0.074219 0.123047
1 0.306641 0.499023 0.023438 0.043620
1 0.593018 0.488932 0.021973 0.044271
1 0.519043 0.451172 0.015625 0.031250
1 0.672607 0.470378 0.023926 0.038411
1 0.719238 0.446289 0.011719 0.026693
1 0.334961 0.462891 0.018555 0.031250
1 0.305420 0.455404 0.014160 0.025391
1 0.595459 0.447591 0.017090 0.026693
1 0.475830 0.441081 0.016113 0.025391
1 0.553955 0.433268 0.011230 0.018880
1 0.523926 0.423828 0.008789 0.016927
1 0.826660 0.464518 0.021484 0.035807
1 0.574219 0.415365 0.006836 0.010417
1 0.407959 0.436849 0.012207 0.020833
1 0.338379 0.437174 0.012695 0.020182
1 0.648926 0.430990 0.008789 0.018229
1 0.604492 0.420898 0.006836 0.013672
1 0.224609 0.454102 0.014648 0.024089
1 0.160645 0.456706 0.012695 0.021484
1 0.504883 0.418294 0.008789 0.014974
1 0.557373 0.412435 0.005371 0.011068
1 0.544434 0.409180 0.004883 0.009766
1 0.522949 0.405273 0.005859 0.011068
1 0.488037 0.413086 0.007324 0.012370
1 0.096436 0.447917 0.012207 0.020833
1 0.471436 0.405924 0.005371 0.009766
1 0.532715 0.406250 0.004883 0.009115
1 0.513672 0.402018 0.004883 0.008464
1 0.479492 0.409831 0.007812 0.011068
