1 0.591309 0.467448 0.018555 0.037760
1 0.202637 0.500977 0.018555 0.038411
1 0.217773 0.458008 0.011719 0.025391
1 0.801758 0.500326 0.028320 0.050130
1 0.441650 0.446289 0.016113 0.031901
1 0.256836 0.439779 0.010742 0.018880
1 0.312500 0.428060 0.008789 0.016276
1 0.423828 0.434245 0.012695 0.023438
1 0.514404 0.420247 0.010254 0.018880
1 0.595703 0.413086 0.007812 0.016276
1 0.210205 0.632161 0.049316 0.095052
1 0.469482 0.413086 0.005371 0.012370
1 0.576416 0.407552 0.005371 0.010417
1 0.718750 0.410807 0.006836 0.014323
1 0.710205 0.403320 0.005371 0.011068
1 0.372559 0.420247 0.008789 0.018880
1 0.849854 0.410482 0.008301 0.016276
1 0.825684 0.402995 0.006836 0.011719
1 0.904541 0.402018 0.005371 0.012370
1 0.973877 0.408854 0.007324 0.015625
1 0.638184 0.394206 0.004883 0.009766
