1 0.140869 0.543620 0.039551 0.063802
1 0.619873 0.473307 0.020020 0.037760
1 0.805908 0.617188 0.044434 0.091146
1 0.354492 0.477214 0.022461 0.037760
1 0.113037 0.652669 0.061035 0.103516
1 0.401855 0.444010 0.016602 0.024740
1 0.330566 0.429036 0.010742 0.019531
1 0.567627 0.435221 0.012207 0.021484
1 0.434814 0.418294 0.009277 0.017578
1 0.446289 0.411458 0.008789 0.014323
1 0.178223 0.458008 0.015625 0.030599
1 0.538330 0.410482 0.007324 0.014974
1 0.552246 0.421224 0.007812 0.015625
1 0.423096 0.405273 0.008301 0.013672
1 0.147461 0.403320 0.004883 0.009766
1 0.259766 0.410156 0.007812 0.014323
1 0.167969 0.405599 0.006836 0.013021
1 0.103271 0.407227 0.006348 0.011068
1 0.528809 0.404297 0.004883 0.010417
1 0.142334 0.422201 0.010254 0.014974
1 0.117188 0.412760 0.008789 0.015625
