1 0.806396 0.468424 0.020996 0.039714
1 0.774170 0.426758 0.008301 0.020182
1 0.622803 0.414388 0.005371 0.013672
1 0.754395 0.443034 0.010742 0.020182
1 0.871094 0.443685 0.011719 0.018880
1 0.707520 0.414714 0.006836 0.013021
1 0.625244 0.399089 0.005371 0.010417
1 0.685303 0.426107 0.010254 0.017578
1 0.588379 0.408203 0.009766 0.013021
1 0.592773 0.395508 0.006836 0.011068
1 0.559570 0.401367 0.004883 0.009766
1 0.568848 0.393229 0.004883 0.007812
1 0.534180 0.396484 0.004883 0.009115
1 0.665283 0.406901 0.008301 0.011719
1 0.553711 0.392253 0.004883 0.007161
1 0.520020 0.395182 0.004883 0.007812
1 0.506348 0.394206 0.004883 0.007161
