1 0.136250 0.853125 0.107500 0.175000
1 0.354375 0.523438 0.036250 0.121875
1 0.614375 0.489063 0.033750 0.109375
1 0.450625 0.415625 0.023750 0.087500
1 0.496875 0.362500 0.013750 0.056250
1 0.639375 0.367188 0.018750 0.065625
1 0.547500 0.356250 0.017500 0.062500
1 0.618750 0.317188 0.010000 0.040625
1 0.560625 0.326562 0.011250 0.040625
1 0.607500 0.307812 0.010000 0.034375
1 0.653125 0.290625 0.011250 0.037500
1 0.636250 0.270313 0.007500 0.028125
1 0.670000 0.271875 0.007500 0.031250
1 0.616250 0.275000 0.007500 0.025000
1 0.598750 0.281250 0.007500 0.031250
1 0.727500 0.298438 0.010000 0.040625
1 0.680625 0.317188 0.008750 0.040625
1 0.678750 0.264062 0.007500 0.021875
1 0.805000 0.292187 0.010000 0.034375
1 0.750625 0.279687 0.008750 0.028125
1 0.742500 0.250000 0.007500 0.018750
