1 0.208125 0.565625 0.056250 0.150000
1 0.793125 0.462500 0.038750 0.125000
1 0.375625 0.387500 0.026250 0.087500
1 0.645000 0.357812 0.027500 0.084375
1 0.948750 0.617188 0.075000 0.203125
1 0.588125 0.334375 0.016250 0.056250
1 0.556250 0.317188 0.012500 0.046875
1 0.330000 0.340625 0.022500 0.068750
1 0.391250 0.300000 0.010000 0.031250
1 0.415625 0.281250 0.008750 0.037500
1 0.566250 0.242188 0.010000 0.046875
1 0.506250 0.300000 0.010000 0.043750
1 0.363750 0.190625 0.010000 0.043750
1 0.308125 0.262500 0.011250 0.050000
