1 0.842773 0.675456 0.073242 0.115234
1 0.658936 0.515625 0.030762 0.054688
1 0.606689 0.467448 0.018066 0.033854
1 0.555908 0.423177 0.009277 0.019531
1 0.538330 0.414714 0.008301 0.015625
1 0.372803 0.460612 0.019043 0.033203
1 0.196533 0.455729 0.017090 0.027344
1 0.393066 0.444010 0.012695 0.026042
1 0.375732 0.416341 0.008301 0.017578
1 0.399170 0.432292 0.011230 0.022135
1 0.240723 0.435872 0.009766 0.017578
1 0.286621 0.410156 0.007812 0.011719
1 0.302979 0.402669 0.007324 0.011068
1 0.213379 0.420898 0.010742 0.017578
1 0.228516 0.412760 0.007812 0.011719
1 0.338379 0.412760 0.009766 0.014323
1 0.345703 0.402995 0.007812 0.011719
1 0.480713 0.408203 0.008301 0.014323
1 0.399170 0.403646 0.007324 0.013021
