1 0.274414 0.569987 0.041016 0.072266
1 0.630127 0.460612 0.019043 0.038411
1 0.770508 0.557292 0.039062 0.066406
1 0.741211 0.480469 0.019531 0.036458
1 0.398193 0.465169 0.017090 0.031901
1 0.595947 0.436523 0.011230 0.022786
1 0.570312 0.420247 0.008789 0.016276
1 0.441406 0.430339 0.009766 0.019531
1 0.478516 0.410807 0.006836 0.013021
1 0.449951 0.421875 0.007324 0.016927
1 0.515137 0.405599 0.006836 0.014323
1 0.551758 0.403646 0.005859 0.011719
1 0.735840 0.406901 0.007812 0.016927
1 0.944336 0.410482 0.006836 0.012370
1 0.867188 0.432292 0.010742 0.019531
1 0.783203 0.401693 0.005859 0.010417
1 0.645996 0.406576 0.005859 0.013672
1 0.819824 0.410156 0.006836 0.011719
1 0.704834 0.400391 0.006348 0.010417
1 0.921143 0.416667 0.009277 0.016927
1 0.599854 0.401367 0.006348 0.012370
1 0.454102 0.416667 0.006836 0.014323
1 0.868652 0.405273 0.006836 0.011068
1 0.545410 0.394857 0.004883 0.009766
1 0.651855 0.400391 0.005859 0.010417
