1 0.090576 0.769531 0.096191 0.149740
1 0.401611 0.473958 0.018066 0.036458
1 0.427979 0.448893 0.015137 0.026693
1 0.478271 0.424805 0.010254 0.018880
1 0.719482 0.504557 0.026855 0.048177
1 0.628418 0.446615 0.015625 0.026042
1 0.620605 0.430990 0.010742 0.023438
1 0.530518 0.416992 0.009277 0.016276
1 0.439453 0.435872 0.010742 0.021484
1 0.579102 0.412435 0.007812 0.013672
1 0.717773 0.419596 0.010742 0.018880
1 0.840576 0.420573 0.012207 0.018229
1 0.642578 0.409505 0.008789 0.015625
1 0.779297 0.407878 0.008789 0.014974
1 0.885010 0.411458 0.011230 0.015625
1 0.968262 0.426107 0.015625 0.020182
1 0.709717 0.408529 0.007324 0.013672
