1 0.363770 0.462891 0.017578 0.033854
1 0.706787 0.564779 0.034668 0.069661
1 0.566406 0.428711 0.009766 0.018880
1 0.429199 0.428385 0.007812 0.018229
1 0.556396 0.416016 0.007324 0.014323
1 0.606934 0.465169 0.018555 0.035807
1 0.449463 0.417969 0.006348 0.014323
1 0.549072 0.410156 0.005371 0.011719
1 0.466309 0.411133 0.005859 0.011068
1 0.478271 0.406250 0.005371 0.009115
1 0.494141 0.399740 0.004883 0.006510
1 0.545410 0.406250 0.005859 0.010417
1 0.542480 0.403320 0.004883 0.008464
1 0.485840 0.403646 0.004883 0.006510
1 0.489746 0.401042 0.004883 0.006510
