1 0.706787 0.475911 0.021973 0.040365
1 0.857666 0.662435 0.068848 0.112630
1 0.274414 0.497070 0.026367 0.046224
1 0.350342 0.448893 0.014160 0.029297
1 0.337646 0.431966 0.010254 0.022786
1 0.630859 0.444987 0.015625 0.026693
1 0.569824 0.425781 0.011719 0.019531
1 0.414551 0.413086 0.007812 0.016276
1 0.262939 0.428711 0.011230 0.018880
1 0.269775 0.413737 0.007324 0.014974
1 0.182617 0.418294 0.008789 0.014974
1 0.145996 0.430339 0.009766 0.019531
1 0.507812 0.417969 0.008789 0.016927
1 0.133301 0.417969 0.007812 0.013021
1 0.339600 0.411133 0.008301 0.013672
1 0.171875 0.410807 0.006836 0.011719
1 0.104492 0.411133 0.005859 0.009766
1 0.038330 0.431641 0.009277 0.016927
1 0.208984 0.404622 0.004883 0.011068
1 0.352051 0.390625 0.004883 0.007812
1 0.033447 0.419271 0.008301 0.011719
1 0.283203 0.396810 0.005859 0.009766
1 0.415283 0.386393 0.005371 0.007161
1 0.384766 0.385417 0.004883 0.006510
