1 0.815625 0.609722 0.046875 0.119444
1 0.129688 0.750000 0.054688 0.122222
1 0.262500 0.538194 0.026562 0.059722
1 0.756250 0.467361 0.021875 0.056944
1 0.719141 0.473611 0.022656 0.058333
1 0.800000 0.455556 0.018750 0.050000
1 0.869141 0.438889 0.021094 0.044444
1 0.842187 0.446528 0.020313 0.045833
1 0.138672 0.535417 0.019531 0.073611
1 0.163281 0.536806 0.023438 0.101389
1 0.109766 0.584722 0.019531 0.072222
1 0.220703 0.540972 0.022656 0.059722
1 0.187891 0.546528 0.024219 0.054167
1 0.395703 0.461806 0.011719 0.040278
1 0.894141 0.429167 0.019531 0.044444
1 0.618359 0.434028 0.017969 0.043056
1 0.973828 0.424306 0.011719 0.043056
1 0.942187 0.422917 0.014063 0.040278
1 0.428125 0.434028 0.012500 0.029167
1 0.630469 0.406250 0.010937 0.029167
1 0.382812 0.413889 0.007812 0.016667
1 0.981641 0.434722 0.011719 0.041667
