1 0.385625 0.552365 0.096250 0.162162
1 0.669375 0.527027 0.058750 0.097973
1 0.267500 0.475507 0.015000 0.028716
1 0.175625 0.474662 0.016250 0.030405
1 0.199375 0.470439 0.011250 0.025338
1 0.872500 0.516892 0.042500 0.077703
1 0.331875 0.474662 0.013750 0.027027
1 0.079375 0.473818 0.013750 0.032095
1 0.065625 0.467905 0.011250 0.023649
1 0.241250 0.470439 0.012500 0.025338
1 0.278750 0.471284 0.010000 0.020270
1 0.130000 0.471284 0.015000 0.023649
1 0.286250 0.469595 0.007500 0.016892
1 0.293750 0.468750 0.007500 0.015203
1 0.458125 0.469595 0.008750 0.016892
1 0.486250 0.471284 0.007500 0.016892
1 0.603750 0.476351 0.010000 0.020270
