1 0.738770 0.493490 0.021484 0.042969
1 0.678711 0.458333 0.013672 0.023438
1 0.403076 0.474284 0.014160 0.031901
1 0.441650 0.445312 0.011230 0.022135
1 0.522705 0.429036 0.010254 0.015625
1 0.712646 0.419922 0.006348 0.013021
1 0.678955 0.441081 0.012207 0.020182
1 0.595215 0.417318 0.007812 0.014323
1 0.697510 0.427734 0.007324 0.014323
1 0.769531 0.410807 0.006836 0.010417
1 0.739746 0.414062 0.006836 0.011719
1 0.649170 0.408203 0.005371 0.009115
1 0.709717 0.404948 0.005371 0.009115
1 0.844727 0.407552 0.004883 0.010417
1 0.804443 0.408203 0.005371 0.009115
1 0.796387 0.404297 0.004883 0.006510
1 0.748047 0.403646 0.004883 0.006510
1 0.878906 0.408203 0.004883 0.007812
1 0.889404 0.405924 0.006348 0.007161
1 0.926025 0.409505 0.005371 0.010417
1 0.895508 0.406576 0.004883 0.007161
