1 0.036719 0.736111 0.062500 0.147222
1 0.307031 0.529167 0.015625 0.050000
1 0.353125 0.484028 0.009375 0.029167
1 0.648828 0.490278 0.013281 0.041667
1 0.540625 0.445139 0.010937 0.037500
1 0.513281 0.445833 0.009375 0.033333
1 0.632812 0.470833 0.010937 0.027778
1 0.378125 0.467361 0.007812 0.018056
1 0.483984 0.452083 0.008594 0.020833
1 0.390625 0.460417 0.007812 0.015278
1 0.646875 0.458333 0.007812 0.019444
1 0.567969 0.451389 0.007812 0.016667
1 0.658594 0.452083 0.007812 0.018056
1 0.389062 0.445833 0.007812 0.027778
1 0.681250 0.441667 0.007812 0.013889
1 0.366797 0.453472 0.008594 0.020833
1 0.404687 0.454167 0.007812 0.016667
1 0.471875 0.447222 0.007812 0.013889
1 0.604688 0.445139 0.007812 0.015278
