1 0.419922 0.447266 0.016602 0.031250
1 0.727295 0.503255 0.027832 0.049479
1 0.385986 0.482422 0.020996 0.049479
1 0.704346 0.442383 0.016113 0.018880
1 0.758789 0.457357 0.015625 0.026693
1 0.920654 0.525391 0.040527 0.045573
1 0.622314 0.438477 0.010254 0.021484
1 0.232666 0.643555 0.055176 0.072266
1 0.438477 0.431966 0.012695 0.021484
1 0.645020 0.455729 0.015625 0.019531
1 0.649414 0.432943 0.009766 0.019531
1 0.797363 0.434896 0.011719 0.018229
1 0.577637 0.418620 0.007812 0.015625
1 0.907715 0.455404 0.018555 0.018880
