1 0.674805 0.528320 0.033203 0.055339
1 0.364258 0.478841 0.022461 0.034505
1 0.577393 0.449219 0.013184 0.024740
1 0.423828 0.444987 0.010742 0.020182
1 0.560303 0.432617 0.009277 0.016276
1 0.202393 0.460286 0.014160 0.024740
1 0.550049 0.425456 0.007324 0.014974
1 0.544922 0.420247 0.005859 0.012370
1 0.328369 0.438151 0.009277 0.016927
1 0.433105 0.411458 0.004883 0.010417
1 0.495117 0.405599 0.004883 0.007812
1 0.528809 0.407552 0.004883 0.010417
1 0.536133 0.411458 0.004883 0.011719
1 0.405273 0.410482 0.004883 0.007161
1 0.453125 0.420898 0.005859 0.014974
1 0.368164 0.424479 0.004883 0.013021
1 0.440430 0.405924 0.004883 0.012370
