1 0.965820 0.669596 0.054688 0.110026
1 0.321777 0.527669 0.030273 0.056641
1 0.402344 0.464844 0.015625 0.033854
1 0.688477 0.492839 0.028320 0.048177
1 0.614502 0.446615 0.016113 0.032552
1 0.436768 0.436523 0.013184 0.024089
1 0.451904 0.423828 0.011230 0.020833
1 0.574951 0.424805 0.010254 0.022786
1 0.555664 0.413737 0.008789 0.017578
1 0.544922 0.406901 0.006836 0.015625
1 0.645508 0.408854 0.007812 0.016927
1 0.594971 0.403320 0.007324 0.014974
1 0.781982 0.413737 0.010254 0.020182
1 0.702881 0.410807 0.008301 0.019531
1 0.663574 0.402344 0.008789 0.014323
1 0.635742 0.398438 0.007812 0.014323
1 0.462891 0.412435 0.007812 0.018880
1 0.471436 0.405924 0.007324 0.014974
