1 0.291875 0.685937 0.076250 0.259375
1 0.691875 0.706250 0.073750 0.225000
1 0.561875 0.426563 0.033750 0.109375
1 0.396250 0.448437 0.035000 0.115625
1 0.482500 0.334375 0.020000 0.068750
1 0.908125 0.439063 0.041250 0.121875
1 0.353750 0.379688 0.030000 0.090625
1 0.416875 0.306250 0.013750 0.050000
1 0.748125 0.229687 0.013750 0.046875
1 0.275625 0.340625 0.021250 0.075000
1 0.377500 0.284375 0.015000 0.050000
1 0.258125 0.312500 0.016250 0.050000
1 0.283125 0.265625 0.013750 0.043750
1 0.631875 0.198437 0.008750 0.040625
1 0.813125 0.225000 0.013750 0.037500
1 0.877500 0.220312 0.017500 0.040625
1 0.883125 0.259375 0.018750 0.043750
1 0.953125 0.228125 0.013750 0.043750
