1 0.206299 0.615234 0.050293 0.097656
1 0.424805 0.509766 0.038086 0.059896
1 0.841797 0.547201 0.039062 0.068359
1 0.760254 0.482747 0.025391 0.044922
1 0.516357 0.455404 0.019043 0.029297
1 0.547852 0.433594 0.011719 0.022135
1 0.518555 0.427083 0.011719 0.018229
1 0.703857 0.434570 0.011230 0.021484
1 0.684570 0.419271 0.008789 0.014323
1 0.671387 0.408529 0.007812 0.012370
1 0.570557 0.417969 0.008301 0.015625
1 0.581543 0.410482 0.007812 0.012370
1 0.176514 0.451497 0.014160 0.022786
1 0.364014 0.427083 0.009277 0.018229
1 0.473389 0.413411 0.006348 0.013021
1 0.166992 0.427409 0.009766 0.014974
1 0.533203 0.405924 0.006836 0.012370
1 0.591309 0.402018 0.004883 0.009766
1 0.597412 0.398112 0.005371 0.009766
1 0.339600 0.419922 0.008301 0.015625
1 0.071289 0.432292 0.010742 0.015625
1 0.404053 0.400391 0.007324 0.010417
1 0.021484 0.445964 0.011719 0.018229
1 0.281738 0.403320 0.007812 0.011068
1 0.229980 0.411458 0.008789 0.013021
