1 0.651855 0.516927 0.026367 0.041667
1 0.267578 0.550130 0.029297 0.053385
1 0.351562 0.488932 0.017578 0.029948
1 0.579102 0.478516 0.015625 0.027344
1 0.549316 0.463542 0.016602 0.026042
1 0.378906 0.468750 0.009766 0.020833
1 0.382324 0.457031 0.006836 0.013021
1 0.390137 0.447266 0.006836 0.011719
1 0.494629 0.447917 0.008789 0.015625
1 0.372070 0.436198 0.005859 0.010417
1 0.300781 0.434896 0.005859 0.013021
1 0.061035 0.490885 0.016602 0.026042
1 0.079102 0.468750 0.011719 0.023438
1 0.224609 0.445964 0.009766 0.016927
1 0.258789 0.454427 0.005859 0.010417
1 0.313477 0.443359 0.005859 0.011719
1 0.352539 0.438802 0.005859 0.010417
1 0.972656 0.873698 0.050781 0.088542
