1 0.690430 0.499674 0.028320 0.046224
1 0.375000 0.470378 0.021484 0.034505
1 0.244385 0.441732 0.023926 0.017578
1 0.092285 0.592773 0.049805 0.082682
1 0.210449 0.436849 0.016602 0.033854
1 0.510010 0.432943 0.011230 0.020833
1 0.709473 0.448568 0.014648 0.024740
1 0.752441 0.438477 0.009766 0.018880
1 0.612305 0.422526 0.008789 0.015625
1 0.692871 0.422852 0.004883 0.013672
1 0.757324 0.425130 0.004883 0.011719
1 0.819580 0.438802 0.008301 0.015625
1 0.405273 0.408854 0.008789 0.018229
1 0.453125 0.401042 0.007812 0.014323
1 0.885498 0.440430 0.007324 0.013672
1 0.896729 0.438477 0.006348 0.012370
1 0.900391 0.436523 0.004883 0.011068
1 0.871582 0.430664 0.005859 0.012370
1 0.779541 0.424805 0.005371 0.009766
1 0.832275 0.424479 0.005371 0.010417
1 0.797363 0.419271 0.004883 0.010417
1 0.754883 0.414388 0.004883 0.008464
1 0.651855 0.405599 0.004883 0.009115
1 0.623047 0.400391 0.004883 0.006510
1 0.434082 0.398763 0.004883 0.011068
1 0.439697 0.397786 0.005371 0.013021
1 0.444336 0.398763 0.004883 0.009766
1 0.466797 0.399740 0.004883 0.009115
