1 0.708252 0.570312 0.046387 0.072917
1 0.592529 0.438151 0.013184 0.023438
1 0.280762 0.478516 0.022461 0.037760
1 0.340088 0.442708 0.013184 0.024740
1 0.649414 0.462240 0.017578 0.032552
1 0.327881 0.429362 0.009277 0.018880
1 0.541748 0.423177 0.009277 0.018229
1 0.486572 0.416016 0.008301 0.016927
1 0.397949 0.412760 0.008789 0.015625
1 0.257568 0.426758 0.008301 0.016276
1 0.041504 0.430013 0.008789 0.016276
1 0.146240 0.429036 0.010254 0.016927
1 0.177002 0.416992 0.007324 0.013672
1 0.328125 0.410807 0.008789 0.014323
1 0.164307 0.411133 0.007324 0.012370
1 0.261963 0.413737 0.007324 0.013672
1 0.128418 0.417318 0.007812 0.013021
1 0.199219 0.405273 0.004883 0.011068
1 0.270752 0.397461 0.005371 0.009766
1 0.096191 0.411133 0.005859 0.009766
1 0.029297 0.419596 0.006836 0.011068
1 0.338379 0.392253 0.004883 0.008464
1 0.327637 0.389323 0.004883 0.006510
1 0.258789 0.395182 0.004883 0.009115
1 0.398926 0.387695 0.004883 0.007161
