1 0.427734 0.517253 0.032227 0.057943
1 0.766846 0.527995 0.029785 0.055990
1 0.686279 0.422201 0.009277 0.017578
1 0.772949 0.459961 0.015625 0.027995
1 0.601807 0.456706 0.020996 0.034505
1 0.706299 0.412435 0.007324 0.012370
1 0.730713 0.400391 0.005371 0.010417
1 0.777344 0.418945 0.008789 0.014974
1 0.788818 0.408529 0.007324 0.012370
1 0.876953 0.419922 0.009766 0.014323
1 0.993896 0.460286 0.010254 0.022135
1 0.929199 0.416667 0.008789 0.013021
1 0.853271 0.404297 0.007324 0.010417
1 0.792725 0.402995 0.006348 0.009115
1 0.736572 0.397135 0.005371 0.010417
