1 0.255859 0.496745 0.033203 0.072917
1 0.272461 0.477539 0.024414 0.061849
1 0.531982 0.479818 0.027832 0.066406
1 0.511719 0.466471 0.024414 0.060547
1 0.482910 0.453125 0.018555 0.027344
1 0.427979 0.421875 0.009277 0.016927
1 0.452393 0.437174 0.011230 0.022786
1 0.417725 0.414388 0.006348 0.012370
1 0.291504 0.466471 0.014648 0.027995
1 0.311035 0.442708 0.011719 0.020833
1 0.327148 0.423503 0.007812 0.016276
1 0.409668 0.410807 0.005859 0.010417
1 0.403076 0.405924 0.005371 0.008464
1 0.399902 0.402344 0.004883 0.009115
1 0.336914 0.412109 0.004883 0.009115
1 0.396973 0.400065 0.004883 0.008464
1 0.340332 0.407552 0.004883 0.006510
