1 0.348145 0.519206 0.029297 0.055339
1 0.705078 0.516602 0.028320 0.051432
1 0.610596 0.454427 0.016113 0.029948
1 0.417969 0.455404 0.016602 0.030599
1 0.705078 0.436849 0.010742 0.020833
1 0.643555 0.424154 0.010742 0.017578
1 0.577881 0.427083 0.011230 0.019531
1 0.751465 0.420898 0.007812 0.016276
1 0.848145 0.455729 0.018555 0.028646
1 0.820068 0.430013 0.013184 0.020182
1 0.446777 0.429688 0.009766 0.018229
1 0.559814 0.416016 0.009277 0.015625
1 0.460693 0.410156 0.005371 0.011719
1 0.605225 0.411133 0.007324 0.013672
1 0.590088 0.403971 0.006348 0.011068
1 0.552246 0.407552 0.006836 0.013021
1 0.700195 0.411133 0.006836 0.014974
1 0.453369 0.417318 0.005371 0.015625
1 0.546387 0.403320 0.004883 0.011068
1 0.671387 0.404622 0.004883 0.011068
1 0.928955 0.436523 0.012207 0.021484
1 0.983398 0.436523 0.013672 0.020182
1 0.649170 0.400391 0.006348 0.011719
1 0.577881 0.401367 0.007324 0.012370
