1 0.287598 0.544271 0.034180 0.063802
1 0.739990 0.483073 0.023926 0.042969
1 0.424805 0.469401 0.023438 0.037760
1 0.513916 0.444987 0.011230 0.025391
1 0.687012 0.450846 0.013672 0.025391
1 0.645020 0.431641 0.010742 0.019531
1 0.617676 0.420898 0.008789 0.014974
1 0.600342 0.414062 0.008301 0.014323
1 0.520508 0.418620 0.005859 0.013021
1 0.530518 0.430013 0.009277 0.017578
1 0.571289 0.401367 0.004883 0.009766
1 0.515137 0.413737 0.005859 0.011068
1 0.561523 0.400716 0.004883 0.008464
1 0.585938 0.405924 0.007812 0.011068
1 0.511475 0.407552 0.006348 0.010417
1 0.981689 0.653320 0.034668 0.083984
