1 0.125732 0.622721 0.063965 0.095703
1 0.326172 0.495117 0.028320 0.050130
1 0.580078 0.437174 0.012695 0.022786
1 0.640137 0.483724 0.020508 0.040365
1 0.319824 0.450521 0.018555 0.031250
1 0.437256 0.421549 0.012207 0.020182
1 0.562500 0.421224 0.007812 0.016927
1 0.551514 0.413411 0.007324 0.014323
1 0.950439 0.771810 0.097168 0.151693
1 0.466064 0.408203 0.005371 0.011719
1 0.476074 0.405924 0.004883 0.011068
1 0.541016 0.408854 0.004883 0.011719
1 0.384521 0.406250 0.005371 0.010417
1 0.314941 0.409831 0.006836 0.012370
1 0.214600 0.406250 0.005371 0.009115
1 0.024902 0.431966 0.012695 0.022786
1 0.077637 0.415039 0.008789 0.014974
