1 0.591553 0.457682 0.015137 0.028646
1 0.233643 0.557617 0.037598 0.067057
1 0.418945 0.443034 0.013672 0.021484
1 0.661621 0.513997 0.028320 0.051432
1 0.554932 0.433268 0.008301 0.016276
1 0.540039 0.421224 0.004883 0.013021
1 0.536865 0.417969 0.005371 0.011719
1 0.447021 0.429688 0.007324 0.016927
1 0.546875 0.425130 0.007812 0.014323
1 0.531250 0.411458 0.004883 0.009115
1 0.291504 0.437826 0.009766 0.016276
1 0.092529 0.468424 0.016113 0.030599
1 0.418457 0.410482 0.004883 0.008464
1 0.385742 0.409505 0.004883 0.009115
1 0.228271 0.427409 0.008301 0.011068
1 0.368164 0.426758 0.007812 0.012370
1 0.137451 0.432292 0.007324 0.013021
1 0.391602 0.419596 0.004883 0.009766
1 0.046875 0.435221 0.008789 0.013672
1 0.114258 0.428385 0.005859 0.011719
1 0.496094 0.407552 0.004883 0.006510
1 0.524902 0.410156 0.004883 0.007812
1 0.442871 0.411458 0.004883 0.009115
1 0.463867 0.419271 0.004883 0.009115
1 0.235107 0.421875 0.005371 0.010417
1 0.269531 0.416992 0.004883 0.011068
