1 0.845215 0.602214 0.050781 0.093750
1 0.302002 0.507812 0.031738 0.053385
1 0.393799 0.446940 0.015137 0.029297
1 0.612549 0.452799 0.019043 0.031901
1 0.587402 0.420898 0.010742 0.018880
1 0.447510 0.421875 0.008301 0.018229
1 0.470947 0.410482 0.007324 0.012370
1 0.516113 0.405273 0.005859 0.011068
1 0.589355 0.412109 0.007812 0.014323
1 0.577881 0.402995 0.006348 0.010417
1 0.633545 0.408203 0.006348 0.011719
1 0.651367 0.404297 0.004883 0.011719
1 0.708984 0.409505 0.006836 0.013021
1 0.692383 0.403971 0.004883 0.009766
1 0.820557 0.413737 0.007324 0.013672
1 0.726318 0.405599 0.005371 0.007812
