1 0.313281 0.568750 0.026562 0.068056
1 0.747266 0.545833 0.024219 0.058333
1 0.652344 0.489583 0.010937 0.026389
1 0.445312 0.482639 0.010937 0.026389
1 0.035156 0.468056 0.007812 0.019444
1 0.174219 0.457639 0.007812 0.018056
1 0.666797 0.472222 0.008594 0.025000
1 0.634375 0.463889 0.007812 0.013889
1 0.296094 0.446528 0.007812 0.015278
1 0.555469 0.466667 0.007812 0.025000
1 0.097656 0.451389 0.007812 0.019444
1 0.356250 0.440278 0.007812 0.016667
1 0.746094 0.454167 0.007812 0.013889
1 0.257031 0.442361 0.007812 0.015278
