1 0.815186 0.575521 0.049316 0.074219
1 0.403320 0.483724 0.021484 0.040365
1 0.617432 0.444336 0.015137 0.026693
1 0.442383 0.435872 0.009766 0.022786
1 0.543945 0.415365 0.007812 0.015625
1 0.444580 0.422852 0.009277 0.017578
1 0.517334 0.406901 0.006348 0.013021
1 0.432861 0.413411 0.006348 0.014323
1 0.474609 0.399089 0.006836 0.009115
1 0.513184 0.401042 0.005859 0.011719
1 0.435547 0.406901 0.004883 0.010417
1 0.444336 0.402344 0.004883 0.009115
1 0.450195 0.400065 0.004883 0.008464
1 0.544434 0.398763 0.004883 0.008464
1 0.656982 0.400065 0.005371 0.007161
1 0.589844 0.399414 0.004883 0.008464
1 0.560059 0.397786 0.004883 0.007812
1 0.760498 0.403646 0.005371 0.007812
