1 0.795312 0.612500 0.039062 0.091667
1 0.358203 0.610417 0.038281 0.084722
1 0.495703 0.463194 0.008594 0.020833
1 0.536719 0.450000 0.007812 0.019444
1 0.466016 0.479167 0.011719 0.030556
1 0.639844 0.489583 0.012500 0.031944
1 0.621875 0.468750 0.007812 0.026389
1 0.634766 0.454861 0.008594 0.018056
1 0.578906 0.443750 0.007812 0.015278
1 0.661719 0.447222 0.007812 0.019444
1 0.674219 0.429167 0.007812 0.013889
1 0.686719 0.444444 0.007812 0.013889
1 0.596875 0.429167 0.007812 0.013889
1 0.398438 0.444444 0.007812 0.019444
