1 0.220215 0.646810 0.065430 0.108724
1 0.909668 0.683594 0.074219 0.113281
1 0.645264 0.470052 0.018066 0.035156
1 0.421875 0.461263 0.017578 0.034505
1 0.606689 0.438802 0.010254 0.024740
1 0.467285 0.423503 0.006836 0.016276
1 0.456787 0.433919 0.011230 0.021484
1 0.477539 0.414062 0.007812 0.018229
1 0.586426 0.426758 0.008789 0.016276
1 0.572021 0.415690 0.006348 0.013672
1 0.559814 0.404622 0.005371 0.009766
1 0.564453 0.408854 0.005859 0.011719
1 0.553955 0.400065 0.005371 0.011068
1 0.487061 0.408529 0.005371 0.011068
1 0.490723 0.404297 0.004883 0.009115
1 0.549805 0.396159 0.004883 0.008464
