1 0.380859 0.492188 0.024414 0.045573
1 0.452393 0.427734 0.008301 0.015625
1 0.133301 0.720378 0.075195 0.130859
1 0.432129 0.444987 0.015625 0.025391
1 0.814941 0.582682 0.047852 0.084635
1 0.698730 0.464518 0.017578 0.029297
1 0.592285 0.444010 0.012695 0.022135
1 0.577393 0.432943 0.009277 0.016927
1 0.464111 0.417969 0.007324 0.013021
1 0.951660 0.435547 0.007812 0.011719
1 0.893799 0.434245 0.008301 0.013021
1 0.866455 0.439453 0.009277 0.014323
1 0.546875 0.413737 0.004883 0.011068
1 0.540039 0.409180 0.004883 0.009766
1 0.631836 0.427409 0.006836 0.013672
1 0.882080 0.451172 0.012207 0.020833
1 0.553467 0.418945 0.005371 0.012370
1 0.562500 0.411133 0.004883 0.009766
1 0.471680 0.412109 0.004883 0.010417
1 0.645020 0.415039 0.004883 0.009766
1 0.476562 0.408203 0.004883 0.010417
1 0.724609 0.422852 0.004883 0.009766
1 0.698242 0.405599 0.004883 0.006510
