1 0.263125 0.530405 0.038750 0.077703
1 0.395000 0.474662 0.027500 0.054054
1 0.506875 0.455236 0.018750 0.042230
1 0.644375 0.448480 0.021250 0.042230
1 0.883750 0.445946 0.017500 0.040541
1 0.976875 0.518581 0.043750 0.074324
1 0.226250 0.400338 0.007500 0.013514
1 0.085000 0.415541 0.010000 0.020270
1 0.175000 0.404561 0.007500 0.018581
1 0.140000 0.408784 0.007500 0.016892
1 0.253750 0.401182 0.007500 0.015203
1 0.283750 0.395270 0.007500 0.013514
1 0.320000 0.392736 0.007500 0.011824
1 0.727500 0.380068 0.007500 0.010135
1 0.685000 0.378378 0.007500 0.010135
1 0.713750 0.380068 0.007500 0.010135
