1 0.680625 0.837500 0.073750 0.275000
1 0.844375 0.540625 0.058750 0.150000
1 0.884375 0.365625 0.023750 0.075000
1 0.451250 0.375000 0.022500 0.081250
1 0.655625 0.357812 0.023750 0.078125
1 0.083125 0.617188 0.063750 0.159375
1 0.110625 0.389062 0.026250 0.078125
1 0.241875 0.339062 0.018750 0.090625
1 0.810625 0.314063 0.021250 0.059375
1 0.897500 0.270313 0.010000 0.034375
1 0.119375 0.354687 0.016250 0.065625
1 0.329375 0.315625 0.011250 0.037500
1 0.408125 0.289062 0.008750 0.040625
1 0.341250 0.289062 0.007500 0.034375
1 0.958125 0.285938 0.013750 0.040625
1 0.647500 0.260937 0.007500 0.021875
1 0.839375 0.273438 0.013750 0.028125
1 0.381250 0.275000 0.010000 0.031250
1 0.639375 0.250000 0.008750 0.031250
