1 0.837891 0.598611 0.039844 0.102778
1 0.339062 0.476389 0.043750 0.108333
1 0.300391 0.462500 0.032031 0.100000
1 0.483203 0.328472 0.008594 0.031944
1 0.041797 0.384028 0.024219 0.062500
1 0.496094 0.333333 0.009375 0.025000
1 0.425000 0.285417 0.007812 0.018056
1 0.323828 0.302083 0.010156 0.026389
1 0.653125 0.369444 0.012500 0.030556
1 0.519531 0.301389 0.007812 0.022222
1 0.499219 0.282639 0.007812 0.015278
1 0.528125 0.304861 0.007812 0.015278
1 0.453125 0.281944 0.007812 0.013889
1 0.529687 0.295833 0.007812 0.013889
1 0.610938 0.316667 0.007812 0.013889
1 0.619531 0.327778 0.007812 0.016667
1 0.535156 0.297222 0.007812 0.013889
