1 0.365625 0.337500 0.018750 0.050000
1 0.617188 0.348611 0.010937 0.033333
1 0.933984 0.563889 0.022656 0.066667
1 0.755469 0.400694 0.017188 0.040278
1 0.461328 0.304167 0.013281 0.033333
1 0.511328 0.292361 0.008594 0.023611
1 0.262500 0.248611 0.007812 0.013889
1 0.191406 0.236111 0.007812 0.013889
1 0.139063 0.252083 0.007812 0.018056
1 0.030469 0.250000 0.007812 0.016667
1 0.247656 0.233333 0.007812 0.013889
1 0.121875 0.240972 0.007812 0.015278
1 0.681250 0.338889 0.007812 0.019444
1 0.528906 0.288194 0.007812 0.015278
1 0.602344 0.312500 0.007812 0.013889
1 0.638281 0.311111 0.007812 0.013889
1 0.647656 0.316667 0.007812 0.013889
1 0.540625 0.284722 0.007812 0.013889
1 0.314844 0.240278 0.007812 0.013889
1 0.274219 0.227778 0.007812 0.013889
1 0.581250 0.294444 0.007812 0.013889
1 0.547656 0.284722 0.007812 0.013889
