1 0.890625 0.667318 0.101562 0.195312
1 0.786377 0.586589 0.071777 0.141927
1 0.116211 0.694987 0.112305 0.219401
1 0.667480 0.501628 0.031250 0.047526
1 0.240723 0.574544 0.059570 0.137370
1 0.330078 0.515951 0.029297 0.052734
1 0.394287 0.456706 0.017090 0.030599
1 0.600830 0.457031 0.019043 0.031250
1 0.556885 0.423503 0.010254 0.018880
1 0.429199 0.421549 0.010742 0.018880
1 0.532959 0.405599 0.006348 0.013021
1 0.441650 0.411133 0.007324 0.013672
1 0.524902 0.399089 0.006836 0.010417
1 0.447510 0.404297 0.006348 0.013021
1 0.520996 0.394857 0.004883 0.009766
1 0.542969 0.411784 0.008789 0.014974
1 0.518066 0.390951 0.004883 0.008464
1 0.453125 0.399089 0.004883 0.007812
1 0.511230 0.384766 0.004883 0.006510
