1 0.859131 0.554362 0.036621 0.067057
1 0.689453 0.433268 0.010742 0.022786
1 0.722900 0.469727 0.017090 0.030599
1 0.490967 0.422201 0.009277 0.020182
1 0.365234 0.472982 0.018555 0.037109
1 0.577393 0.408854 0.008301 0.015625
1 0.699951 0.420573 0.009277 0.018229
1 0.719238 0.411784 0.006836 0.013672
1 0.622559 0.404297 0.005859 0.013021
1 0.671631 0.402995 0.005371 0.009115
1 0.732666 0.399740 0.005371 0.010417
1 0.435547 0.400716 0.011719 0.011068
1 0.777344 0.407878 0.005859 0.011068
1 0.815186 0.409180 0.005371 0.009766
1 0.766602 0.404948 0.004883 0.006510
1 0.887451 0.413737 0.005371 0.009766
1 0.749023 0.408854 0.006836 0.013021
1 0.898926 0.412109 0.004883 0.007812
1 0.828125 0.407227 0.004883 0.007161
1 0.968750 0.416992 0.005859 0.008464
1 0.573730 0.399414 0.008789 0.008464
