1 0.427490 0.476888 0.020996 0.041016
1 0.576172 0.441732 0.012695 0.025391
1 0.014648 0.545247 0.029297 0.067057
1 0.621582 0.483073 0.025391 0.049479
1 0.269287 0.439779 0.006348 0.018880
1 0.468018 0.416016 0.008301 0.015625
1 0.240967 0.424479 0.009277 0.015625
1 0.124268 0.427409 0.011230 0.016276
1 0.029541 0.437500 0.009277 0.016927
1 0.044922 0.838216 0.089844 0.223307
1 0.082520 0.446940 0.011719 0.020182
1 0.546143 0.410156 0.008301 0.019531
1 0.339844 0.407552 0.005859 0.011719
1 0.474121 0.402995 0.005859 0.011719
1 0.539062 0.400065 0.005859 0.011068
1 0.457520 0.397461 0.005859 0.009766
1 0.326416 0.395833 0.005371 0.009115
1 0.256836 0.400716 0.004883 0.009766
1 0.384277 0.394206 0.004883 0.011068
1 0.182373 0.413411 0.007324 0.011719
1 0.229248 0.404948 0.005371 0.011719
1 0.274902 0.437826 0.008789 0.017578
1 0.131592 0.421875 0.007324 0.013021
1 0.172607 0.405924 0.007324 0.009766
1 0.502441 0.391602 0.004883 0.008464
1 0.405762 0.389648 0.004883 0.009766
1 0.427002 0.394857 0.005371 0.011068
1 0.367676 0.389974 0.004883 0.010417
1 0.051514 0.423828 0.008301 0.014323
1 0.141846 0.410482 0.007324 0.011068
1 0.262207 0.395833 0.004883 0.009115
1 0.331299 0.392578 0.005371 0.009115
1 0.294678 0.393880 0.005371 0.009115
1 0.453857 0.389323 0.005371 0.007812
1 0.531250 0.393880 0.006836 0.011719
1 0.192627 0.402995 0.008301 0.010417
