1 0.156738 0.613281 0.047852 0.084635
1 0.808838 0.611654 0.048340 0.081380
1 0.582520 0.450846 0.013672 0.026693
1 0.361816 0.464844 0.016602 0.031250
1 0.435059 0.432292 0.010742 0.018229
1 0.552002 0.414714 0.005371 0.011719
1 0.470947 0.419271 0.007324 0.014323
1 0.571045 0.426432 0.009277 0.016927
1 0.524658 0.406901 0.006348 0.009115
1 0.470215 0.409831 0.004883 0.009766
1 0.474121 0.412109 0.004883 0.010417
1 0.458984 0.405599 0.004883 0.007812
1 0.509766 0.404297 0.004883 0.009115
1 0.507324 0.401042 0.004883 0.007812
1 0.564941 0.401693 0.004883 0.006510
1 0.530273 0.400391 0.004883 0.007812
