1 0.425781 0.491862 0.027344 0.054036
1 0.959229 0.631836 0.055176 0.093099
1 0.155029 0.792318 0.094238 0.154948
1 0.737061 0.479818 0.027832 0.052083
1 0.509277 0.425781 0.011719 0.022135
1 0.796143 0.428711 0.010254 0.018880
1 0.846436 0.470378 0.020996 0.031901
1 0.570312 0.414062 0.009766 0.016927
1 0.729980 0.433919 0.014648 0.025391
1 0.761475 0.408529 0.008301 0.017578
1 0.862793 0.425456 0.010742 0.021484
1 0.905273 0.451172 0.014648 0.026042
1 0.652588 0.408203 0.009277 0.016927
1 0.834229 0.413411 0.007324 0.015625
