1 0.881836 0.565430 0.041016 0.074870
1 0.159180 0.654297 0.054688 0.098958
1 0.142334 0.563477 0.042480 0.063151
1 0.512451 0.488932 0.025879 0.044271
1 0.353760 0.453451 0.015137 0.026693
1 0.287109 0.443034 0.009766 0.021484
1 0.243164 0.434570 0.006836 0.017578
1 0.222900 0.431966 0.007324 0.016276
1 0.130615 0.463542 0.010254 0.019531
1 0.129639 0.487305 0.016113 0.031901
1 0.203125 0.427083 0.004883 0.011719
1 0.130859 0.452148 0.006836 0.013672
1 0.127686 0.443034 0.005371 0.012370
1 0.194336 0.425456 0.004883 0.009766
1 0.126953 0.436849 0.004883 0.006510
1 0.178711 0.423177 0.004883 0.007812
1 0.174316 0.422852 0.004883 0.007161
1 0.126953 0.432292 0.004883 0.006510
