1 0.278906 0.513194 0.037500 0.104167
1 0.318750 0.385417 0.018750 0.051389
1 0.319922 0.353472 0.014844 0.040278
1 0.571094 0.378472 0.017188 0.045833
1 0.785937 0.525694 0.037500 0.093056
1 0.275781 0.327778 0.009375 0.030556
1 0.333984 0.300694 0.008594 0.023611
1 0.436719 0.320139 0.009375 0.026389
1 0.164062 0.317361 0.012500 0.031944
1 0.226953 0.315278 0.008594 0.025000
1 0.287109 0.294444 0.008594 0.022222
1 0.105859 0.326389 0.010156 0.022222
1 0.078125 0.321528 0.007812 0.020833
1 0.257031 0.290972 0.007812 0.015278
