1 0.278809 0.556966 0.038086 0.069661
1 0.397217 0.461589 0.019043 0.035156
1 0.616211 0.463542 0.019531 0.033854
1 0.731445 0.549479 0.043945 0.067708
1 0.579590 0.434245 0.013672 0.022135
1 0.564453 0.417969 0.008789 0.018229
1 0.437744 0.433919 0.011230 0.021484
1 0.765137 0.436849 0.009766 0.023438
1 0.662842 0.424154 0.010254 0.018880
1 0.879150 0.445312 0.013184 0.024740
1 0.621094 0.415365 0.007812 0.018229
1 0.458984 0.419271 0.007812 0.015625
1 0.555176 0.408854 0.007812 0.015625
1 0.595459 0.405599 0.006348 0.013021
1 0.715088 0.413411 0.007324 0.014323
1 0.904053 0.426432 0.010254 0.016927
1 0.657471 0.401693 0.006348 0.014323
1 0.464600 0.411784 0.006348 0.013672
1 0.471436 0.405924 0.005371 0.011068
1 0.857910 0.425456 0.011719 0.018880
1 0.767578 0.419922 0.010742 0.016927
1 0.678711 0.406250 0.005859 0.011719
1 0.585938 0.400391 0.004883 0.010417
