1 0.637500 0.461806 0.025000 0.070833
1 0.310937 0.395833 0.023438 0.061111
1 0.814453 0.413889 0.011719 0.033333
1 0.595703 0.354861 0.017969 0.037500
1 0.448828 0.328472 0.011719 0.029167
1 0.586719 0.328472 0.007812 0.023611
1 0.889453 0.427778 0.008594 0.025000
1 0.966016 0.477778 0.010156 0.030556
1 0.933594 0.428472 0.007812 0.015278
1 0.841016 0.396528 0.010156 0.023611
1 0.482812 0.310417 0.007812 0.018056
1 0.582031 0.314583 0.007812 0.015278
1 0.570312 0.309722 0.007812 0.016667
1 0.492188 0.301389 0.007812 0.013889
1 0.926562 0.420139 0.007812 0.015278
1 0.521875 0.297222 0.007812 0.013889
1 0.500781 0.291667 0.007812 0.013889
1 0.471875 0.290278 0.007812 0.013889
1 0.552344 0.302778 0.007812 0.013889
