1 0.683350 0.583008 0.043457 0.080078
1 0.560303 0.454753 0.012207 0.024089
1 0.172607 0.633138 0.040527 0.098307
1 0.413330 0.458659 0.013184 0.024089
1 0.587646 0.479167 0.016113 0.031250
1 0.190918 0.484375 0.018555 0.031250
1 0.221191 0.455404 0.010742 0.020182
1 0.442383 0.444987 0.008789 0.018880
1 0.471191 0.432943 0.006836 0.013021
1 0.354492 0.441081 0.007812 0.014974
1 0.539062 0.432943 0.006836 0.014323
1 0.378662 0.428385 0.006348 0.011719
1 0.009521 0.459635 0.011230 0.015625
1 0.031006 0.446940 0.008301 0.012370
1 0.088379 0.449544 0.007812 0.013672
1 0.277588 0.430339 0.005371 0.010417
1 0.532959 0.427409 0.007324 0.012370
1 0.170898 0.428385 0.004883 0.010417
1 0.189453 0.433919 0.004883 0.011068
1 0.197021 0.439779 0.005371 0.013672
