1 0.228027 0.682292 0.077148 0.126302
1 0.791992 0.565104 0.044922 0.078125
1 0.413574 0.488932 0.026367 0.044271
1 0.458740 0.443685 0.016113 0.026693
1 0.918457 0.501302 0.026367 0.039062
1 0.608643 0.423177 0.012207 0.018229
1 0.623779 0.441406 0.013184 0.020833
1 0.480469 0.424479 0.010742 0.019531
1 0.512451 0.407227 0.008301 0.014974
1 0.671387 0.421875 0.010742 0.018229
1 0.633789 0.411784 0.007812 0.016276
1 0.548828 0.401367 0.006836 0.011068
1 0.604004 0.399089 0.006836 0.011719
1 0.918701 0.436849 0.012207 0.020833
1 0.681152 0.409180 0.007812 0.014974
