1 0.061523 0.754232 0.094727 0.141276
1 0.652344 0.472982 0.021484 0.037109
1 0.362305 0.496745 0.027344 0.048177
1 0.429199 0.441081 0.012695 0.024089
1 0.605225 0.440430 0.013184 0.022786
1 0.626221 0.427734 0.011230 0.019531
1 0.452148 0.421549 0.008789 0.018880
1 0.565186 0.413086 0.008301 0.014974
1 0.782471 0.430664 0.011230 0.017578
1 0.751465 0.412435 0.007812 0.013672
1 0.576904 0.421224 0.009277 0.016927
1 0.466797 0.409831 0.004883 0.012370
1 0.828613 0.458333 0.016602 0.026042
1 0.956787 0.451172 0.013184 0.019531
1 0.990967 0.427409 0.009277 0.016276
1 0.489258 0.400065 0.004883 0.011068
1 0.517090 0.397135 0.004883 0.010417
1 0.554443 0.405273 0.005371 0.011068
1 0.989746 0.454427 0.015625 0.022135
1 0.615967 0.397786 0.005371 0.011719
1 0.911621 0.409831 0.006836 0.011068
1 0.879395 0.412109 0.007812 0.011719
1 0.812988 0.405599 0.005859 0.010417
1 0.745850 0.400716 0.006348 0.011068
1 0.583008 0.394531 0.004883 0.007812
1 0.557617 0.401367 0.004883 0.011068
1 0.683594 0.398112 0.004883 0.011068
