1 0.142187 0.723611 0.054688 0.127778
1 0.668359 0.532639 0.025781 0.073611
1 0.448437 0.493750 0.017188 0.043056
1 0.238672 0.542361 0.014844 0.043056
1 0.323047 0.488194 0.008594 0.029167
1 0.232031 0.493056 0.007812 0.027778
1 0.140625 0.515972 0.014063 0.034722
1 0.198437 0.518750 0.012500 0.040278
1 0.036719 0.523611 0.007812 0.025000
1 0.106250 0.517361 0.007812 0.026389
1 0.651563 0.445833 0.007812 0.022222
1 0.543359 0.450000 0.008594 0.019444
1 0.582812 0.436111 0.007812 0.013889
1 0.564844 0.437500 0.007812 0.013889
