1 0.685059 0.542643 0.035156 0.065755
1 0.370361 0.531576 0.032715 0.059245
1 0.599854 0.447591 0.015137 0.027995
1 0.852295 0.480143 0.017090 0.033203
1 0.844482 0.446940 0.013184 0.026693
1 0.582275 0.429362 0.011230 0.022786
1 0.468018 0.421875 0.008301 0.019531
1 0.459229 0.433594 0.012207 0.020833
1 0.478271 0.414714 0.006348 0.014323
1 0.551270 0.413086 0.006836 0.013672
1 0.544434 0.410482 0.005859 0.011068
1 0.668701 0.423828 0.009277 0.015625
1 0.617676 0.410807 0.005859 0.011719
1 0.718994 0.413737 0.006348 0.012370
