1 0.716797 0.503255 0.031250 0.053385
1 0.169434 0.557943 0.045898 0.067708
1 0.640625 0.456706 0.021484 0.035807
1 0.563232 0.430339 0.012207 0.023438
1 0.475830 0.420898 0.010254 0.018880
1 0.288086 0.470052 0.019531 0.036458
1 0.285889 0.446289 0.015137 0.025391
1 0.386719 0.417643 0.009766 0.014974
1 0.228516 0.422201 0.008789 0.014974
1 0.306641 0.418945 0.007812 0.014974
1 0.203857 0.441732 0.012207 0.021484
1 0.074219 0.445964 0.009766 0.019531
1 0.127930 0.428385 0.007812 0.014323
1 0.123047 0.418945 0.005859 0.012370
1 0.174805 0.411133 0.004883 0.011068
1 0.078369 0.428385 0.009277 0.015625
1 0.256592 0.400391 0.005371 0.010417
1 0.335205 0.392904 0.005371 0.009766
1 0.321777 0.390625 0.004883 0.009115
1 0.400879 0.386393 0.004883 0.008464
1 0.169922 0.399740 0.004883 0.009115
1 0.429688 0.382161 0.004883 0.006510
1 0.060303 0.420898 0.005371 0.009766
1 0.155273 0.409831 0.006836 0.011068
1 0.501953 0.375977 0.004883 0.007161
