1 0.703125 0.484375 0.023438 0.040365
1 0.437988 0.432617 0.007812 0.017578
1 0.622559 0.438151 0.010742 0.020833
1 0.388428 0.487630 0.021973 0.040365
1 0.610107 0.427409 0.008301 0.014974
1 0.458984 0.422201 0.006836 0.014974
1 0.623047 0.420573 0.006836 0.014323
1 0.513428 0.414714 0.006348 0.011719
1 0.572754 0.407227 0.004883 0.009766
1 0.664795 0.408854 0.005371 0.011719
1 0.647461 0.413411 0.006836 0.013021
1 0.622070 0.401367 0.004883 0.008464
1 0.694092 0.405273 0.006348 0.009766
1 0.723633 0.402344 0.004883 0.009115
1 0.679199 0.398438 0.004883 0.007812
1 0.758301 0.399740 0.004883 0.010417
1 0.795410 0.400065 0.004883 0.009766
1 0.828125 0.401042 0.004883 0.009115
1 0.806641 0.399089 0.004883 0.006510
1 0.839844 0.398112 0.004883 0.009766
1 0.848145 0.399740 0.006836 0.006510
1 0.940186 0.405599 0.005371 0.007812
1 0.870117 0.401367 0.004883 0.008464
1 0.908691 0.402995 0.004883 0.006510
