1 0.682500 0.476351 0.027500 0.060811
1 0.955000 0.436655 0.020000 0.035473
1 0.791875 0.417230 0.013750 0.027027
1 0.706250 0.408784 0.010000 0.023649
1 0.644375 0.434122 0.016250 0.033784
1 0.633750 0.404561 0.012500 0.025338
1 0.590000 0.418919 0.015000 0.030405
1 0.584375 0.399493 0.011250 0.021959
1 0.535625 0.413007 0.011250 0.021959
1 0.484375 0.408784 0.011250 0.020270
1 0.367500 0.405405 0.007500 0.010135
1 0.310000 0.404561 0.007500 0.011824
1 0.336250 0.394426 0.007500 0.018581
1 0.423125 0.395270 0.011250 0.016892
1 0.434375 0.409628 0.013750 0.021959
