1 0.192627 0.648112 0.058105 0.099609
1 0.705566 0.510091 0.030273 0.052734
1 0.536865 0.474935 0.020020 0.039714
1 0.158691 0.532227 0.026367 0.048828
1 0.332031 0.460612 0.013672 0.029297
1 0.092773 0.513346 0.024414 0.041016
1 0.195312 0.452148 0.013672 0.024089
1 0.117676 0.451497 0.009766 0.018880
1 0.053955 0.448242 0.010254 0.016276
1 0.019775 0.446940 0.008301 0.013672
1 0.922363 0.440755 0.013672 0.023438
1 0.976562 0.419922 0.009766 0.016927
1 0.866455 0.421549 0.010254 0.021484
1 0.842773 0.411458 0.008789 0.015625
1 0.937256 0.412435 0.006348 0.012370
1 0.875000 0.397461 0.004883 0.008464
1 0.911377 0.406250 0.005371 0.010417
1 0.887695 0.401367 0.004883 0.011068
1 0.857422 0.395508 0.004883 0.008464
1 0.823730 0.403646 0.006836 0.011719
