1 0.334229 0.519206 0.031738 0.055339
1 0.418701 0.453776 0.019043 0.029948
1 0.610352 0.451172 0.017578 0.029948
1 0.701416 0.517578 0.034668 0.053385
1 0.580566 0.424154 0.010742 0.020182
1 0.644531 0.419922 0.009766 0.018229
1 0.610840 0.407227 0.007812 0.014974
1 0.448486 0.426107 0.010254 0.018880
1 0.566406 0.412435 0.008789 0.016276
1 0.757568 0.417969 0.009277 0.016927
1 0.708740 0.434570 0.014160 0.025391
1 0.707031 0.408529 0.007812 0.016276
1 0.457520 0.414062 0.007812 0.016927
1 0.855225 0.454102 0.017090 0.029297
1 0.827148 0.428060 0.010742 0.021484
1 0.557617 0.403646 0.006836 0.014323
1 0.473877 0.402344 0.005371 0.011719
1 0.993896 0.433594 0.012207 0.020833
1 0.675781 0.400716 0.005859 0.011068
1 0.595703 0.400391 0.005859 0.010417
1 0.584473 0.396810 0.004883 0.009766
1 0.465576 0.407227 0.006348 0.013672
1 0.932129 0.435221 0.012695 0.020182
1 0.656006 0.397461 0.006348 0.009766
