1 0.148682 0.808268 0.099121 0.168620
1 0.442871 0.442708 0.014648 0.027344
1 0.890869 0.660807 0.074707 0.108073
1 0.635254 0.472982 0.022461 0.035807
1 0.588135 0.436849 0.011230 0.020833
1 0.459961 0.425781 0.010742 0.018229
1 0.679688 0.431966 0.009766 0.016276
1 0.470459 0.415690 0.006348 0.013672
1 0.479492 0.409180 0.005859 0.011068
1 0.498779 0.400391 0.005371 0.009115
1 0.561523 0.408854 0.005859 0.011719
1 0.604004 0.408854 0.005859 0.011719
1 0.619629 0.402018 0.004883 0.009766
1 0.525391 0.396810 0.004883 0.008464
1 0.567383 0.395833 0.004883 0.009115
1 0.816162 0.425130 0.007324 0.014323
1 0.583984 0.402995 0.004883 0.009115
1 0.564209 0.415039 0.005371 0.013672
1 0.624756 0.396159 0.005371 0.009766
1 0.757568 0.416992 0.005371 0.009766
