1 0.376709 0.541992 0.044434 0.068359
1 0.769043 0.547526 0.038086 0.066406
1 0.755371 0.462565 0.017578 0.031901
1 0.572754 0.462891 0.019531 0.033854
1 0.660889 0.423177 0.010254 0.016927
1 0.678711 0.411458 0.007812 0.014323
1 0.750244 0.417643 0.007324 0.016276
1 0.759521 0.405924 0.006348 0.009766
1 0.847412 0.417969 0.007324 0.013021
1 0.700684 0.398438 0.005859 0.010417
1 0.763184 0.401367 0.004883 0.009766
1 0.973877 0.459961 0.015137 0.022786
1 0.706299 0.395508 0.005371 0.009766
1 0.822510 0.402018 0.005371 0.009766
1 0.896973 0.414062 0.006836 0.011719
