1 0.027100 0.685221 0.054199 0.126953
1 0.706543 0.491211 0.021484 0.042318
1 0.370117 0.482422 0.019531 0.037760
1 0.680420 0.432617 0.008301 0.018880
1 0.482666 0.438151 0.011230 0.019531
1 0.669678 0.445638 0.012207 0.024089
1 0.266357 0.445638 0.022949 0.017578
1 0.554932 0.423828 0.008301 0.015625
1 0.704590 0.424479 0.007812 0.015625
1 0.610352 0.418294 0.005859 0.012370
1 0.540283 0.411784 0.007324 0.016276
1 0.635986 0.407552 0.006348 0.011719
1 0.772705 0.422852 0.006348 0.012370
1 0.819824 0.418945 0.004883 0.009766
1 0.679199 0.415690 0.005859 0.011068
1 0.981445 0.430990 0.006836 0.011719
1 0.752686 0.415690 0.005371 0.011068
1 0.899414 0.427083 0.005859 0.010417
1 0.932617 0.423503 0.004883 0.009766
1 0.918457 0.423828 0.004883 0.009115
1 0.877686 0.422526 0.005371 0.009115
1 0.832031 0.423828 0.006836 0.013021
