1 0.143555 0.602539 0.046875 0.089193
1 0.199463 0.480143 0.021973 0.039714
1 0.562012 0.498698 0.028320 0.049479
1 0.416748 0.444987 0.016113 0.029297
1 0.215820 0.420573 0.010742 0.019531
1 0.351318 0.420573 0.011230 0.022135
1 0.072998 0.443685 0.014160 0.024089
1 0.319336 0.409831 0.008789 0.016276
1 0.278809 0.396810 0.004883 0.011068
1 0.098877 0.412109 0.007324 0.013021
1 0.262695 0.392578 0.004883 0.009115
1 0.269287 0.393555 0.005371 0.011068
1 0.257812 0.392578 0.004883 0.009115
1 0.123291 0.400065 0.005371 0.008464
