1 0.884277 0.619141 0.052734 0.093750
1 0.250977 0.597005 0.047852 0.083333
1 0.409912 0.456055 0.018066 0.030599
1 0.650146 0.455078 0.017090 0.029948
1 0.603516 0.426758 0.009766 0.017578
1 0.447266 0.421224 0.006836 0.015625
1 0.610840 0.413086 0.004883 0.011068
1 0.596191 0.418620 0.008789 0.015625
1 0.461914 0.414388 0.009766 0.017578
1 0.635986 0.406901 0.008301 0.014323
1 0.654053 0.402669 0.005371 0.009766
1 0.511475 0.407227 0.006348 0.011068
1 0.568359 0.401042 0.004883 0.009115
1 0.711914 0.396810 0.004883 0.008464
1 0.683594 0.399089 0.004883 0.009115
