1 0.518555 0.461914 0.018555 0.034505
1 0.727783 0.572917 0.049316 0.075521
1 0.243164 0.502930 0.027344 0.047526
1 0.449219 0.425781 0.012695 0.023438
1 0.418213 0.410807 0.010254 0.018229
1 0.153564 0.444661 0.012207 0.023438
1 0.306152 0.421875 0.009766 0.019531
1 0.382568 0.395833 0.006348 0.011719
1 0.205078 0.409180 0.005859 0.013672
1 0.138672 0.406901 0.004883 0.011719
1 0.268066 0.396159 0.004883 0.008464
1 0.316650 0.399414 0.005371 0.011068
1 0.034912 0.423503 0.009277 0.014974
1 0.315918 0.407552 0.009766 0.015625
1 0.375488 0.392578 0.004883 0.010417
