1 0.630371 0.506836 0.023438 0.051432
1 0.253906 0.519531 0.030273 0.052083
1 0.234131 0.484375 0.020020 0.037760
1 0.369629 0.450195 0.014648 0.025391
1 0.541016 0.424805 0.010742 0.020182
1 0.404297 0.430339 0.009766 0.020833
1 0.567383 0.446940 0.014648 0.027995
1 0.431641 0.413086 0.007812 0.013672
1 0.342041 0.421224 0.007324 0.015625
1 0.533447 0.414388 0.008301 0.017578
1 0.226318 0.442057 0.015137 0.024740
1 0.442627 0.406576 0.006348 0.013672
1 0.421631 0.402995 0.007324 0.011719
1 0.518066 0.401042 0.004883 0.009115
1 0.274902 0.407552 0.007812 0.010417
1 0.173340 0.416992 0.008789 0.013672
1 0.526123 0.407878 0.008301 0.013672
1 0.009277 0.456706 0.014648 0.022786
1 0.034180 0.426107 0.010742 0.017578
1 0.130371 0.406576 0.006836 0.011068
