1 0.818359 0.505534 0.027344 0.048828
1 0.567383 0.465820 0.018555 0.038411
1 0.664795 0.520833 0.032715 0.055990
1 0.218994 0.553060 0.035645 0.069661
1 0.248779 0.493164 0.020020 0.041016
1 0.143799 0.480794 0.017090 0.033203
1 0.059814 0.481445 0.015137 0.027995
1 0.694092 0.444987 0.017090 0.030599
1 0.459717 0.447591 0.018066 0.027995
1 0.359863 0.444010 0.013672 0.026042
1 0.204590 0.447917 0.015625 0.023438
1 0.056641 0.453125 0.012695 0.020833
1 0.641357 0.424479 0.011230 0.022135
1 0.851807 0.448568 0.013184 0.026042
1 0.678467 0.404948 0.007324 0.014323
1 0.610107 0.412760 0.007324 0.015625
1 0.757812 0.423503 0.009766 0.018880
1 0.659180 0.400065 0.005859 0.012370
1 0.703369 0.411133 0.007324 0.014974
1 0.587158 0.402995 0.007324 0.014323
1 0.628418 0.392904 0.004883 0.009766
1 0.615723 0.388997 0.004883 0.008464
1 0.609375 0.387044 0.004883 0.008464
1 0.599121 0.385417 0.004883 0.007812
1 0.576904 0.397461 0.005371 0.011068
1 0.641357 0.395508 0.005371 0.011068
1 0.566895 0.392578 0.004883 0.010417
