1 0.093125 0.553209 0.126250 0.187500
1 0.321250 0.510980 0.062500 0.106419
1 0.471250 0.500845 0.047500 0.082770
1 0.718750 0.495777 0.030000 0.052365
1 0.586875 0.495777 0.038750 0.059122
1 0.915625 0.510980 0.046250 0.082770
1 0.883750 0.494932 0.030000 0.050676
1 0.688125 0.482264 0.013750 0.028716
1 0.976875 0.544764 0.041250 0.136824
1 0.616250 0.478885 0.015000 0.025338
1 0.549375 0.477196 0.011250 0.021959
1 0.756875 0.484797 0.011250 0.023649
1 0.850625 0.488176 0.011250 0.027027
1 0.536250 0.477196 0.010000 0.018581
1 0.405000 0.474662 0.010000 0.020270
1 0.253125 0.467061 0.011250 0.018581
1 0.210625 0.466216 0.011250 0.020270
1 0.362500 0.470439 0.007500 0.018581
1 0.282500 0.470439 0.007500 0.015203
1 0.243750 0.468750 0.007500 0.015203
1 0.665000 0.482264 0.007500 0.018581
1 0.774375 0.487331 0.008750 0.021959
