1 0.718018 0.514974 0.029785 0.058594
1 0.237793 0.633138 0.063477 0.099609
1 0.406494 0.483073 0.029785 0.052083
1 0.629639 0.444336 0.014160 0.026693
1 0.458740 0.432943 0.011230 0.020833
1 0.475098 0.419922 0.008789 0.015625
1 0.583008 0.415039 0.007812 0.014974
1 0.945557 0.471354 0.024902 0.036458
1 0.485596 0.413411 0.005371 0.013021
1 0.792236 0.424479 0.011230 0.016927
1 0.597656 0.410482 0.004883 0.011068
1 0.491699 0.409180 0.004883 0.009766
1 0.806641 0.410807 0.004883 0.011719
1 0.562988 0.407227 0.004883 0.011068
1 0.708008 0.406901 0.005859 0.009115
