1 0.807129 0.627279 0.062500 0.095703
1 0.328613 0.511068 0.033203 0.049479
1 0.602539 0.461263 0.017578 0.033203
1 0.416260 0.454753 0.016113 0.025391
1 0.575439 0.437826 0.011230 0.021484
1 0.148682 0.475260 0.020996 0.032552
1 0.358643 0.424805 0.008301 0.013672
1 0.309326 0.443359 0.011230 0.019531
1 0.561279 0.428385 0.009277 0.016927
1 0.133057 0.441406 0.009277 0.014323
1 0.166260 0.430339 0.007324 0.011719
1 0.553955 0.421224 0.008301 0.014323
1 0.457764 0.418945 0.005371 0.012370
1 0.541992 0.409831 0.004883 0.012370
1 0.496338 0.404622 0.005371 0.009766
1 0.453857 0.423828 0.008301 0.011719
1 0.430420 0.410807 0.006348 0.010417
1 0.532715 0.407552 0.004883 0.011719
1 0.216309 0.422526 0.006836 0.010417
1 0.402100 0.408529 0.006348 0.008464
1 0.438477 0.404297 0.004883 0.006510
1 0.321533 0.414714 0.005371 0.010417
1 0.362793 0.408854 0.005859 0.010417
