1 0.043750 0.756250 0.057813 0.137500
1 0.355859 0.524306 0.019531 0.051389
1 0.667969 0.481250 0.012500 0.037500
1 0.934375 0.891667 0.059375 0.180556
1 0.699219 0.543056 0.021875 0.063889
1 0.432812 0.434028 0.007812 0.020833
1 0.615234 0.446528 0.008594 0.023611
1 0.445703 0.458333 0.008594 0.025000
1 0.399219 0.426389 0.007812 0.013889
1 0.396875 0.410417 0.007812 0.015278
1 0.466406 0.412500 0.007812 0.013889
1 0.204687 0.427778 0.007812 0.013889
1 0.867188 0.455556 0.007812 0.019444
1 0.281250 0.429167 0.007812 0.016667
1 0.356250 0.422917 0.007812 0.018056
1 0.550781 0.424306 0.007812 0.023611
1 0.189062 0.437500 0.007812 0.013889
