1 0.737305 0.482422 0.025391 0.045573
1 0.073975 0.682943 0.074707 0.122396
1 0.956787 0.579427 0.046387 0.080729
1 0.289307 0.500326 0.028809 0.047526
1 0.518799 0.430990 0.014160 0.028646
1 0.297607 0.460286 0.018066 0.033854
1 0.622314 0.442057 0.014160 0.028646
1 0.415039 0.422852 0.012695 0.020182
1 0.207764 0.452148 0.015137 0.026693
1 0.243164 0.427083 0.010742 0.018229
1 0.335938 0.422852 0.009766 0.017578
1 0.068604 0.455404 0.011230 0.022786
1 0.136230 0.433919 0.009766 0.016276
1 0.089600 0.433594 0.011230 0.015625
1 0.140137 0.422852 0.007812 0.013672
