1 0.045000 0.580236 0.090000 0.160473
1 0.121250 0.530405 0.040000 0.064189
1 0.456875 0.500000 0.033750 0.067568
1 0.562500 0.501689 0.055000 0.084459
1 0.778125 0.497466 0.071250 0.113176
1 0.676250 0.468750 0.020000 0.042230
1 0.618750 0.478041 0.022500 0.047297
1 0.691250 0.466216 0.012500 0.037162
1 0.524375 0.489020 0.026250 0.052365
1 0.396875 0.493243 0.021250 0.043919
1 0.375000 0.489020 0.012500 0.025338
1 0.298125 0.503378 0.026250 0.047297
1 0.186250 0.520270 0.032500 0.057432
1 0.660625 0.463682 0.011250 0.025338
1 0.231250 0.500845 0.015000 0.025338
1 0.205625 0.505912 0.016250 0.028716
1 0.488750 0.482264 0.017500 0.035473
1 0.317500 0.493243 0.015000 0.033784
1 0.588750 0.468750 0.010000 0.021959
1 0.145625 0.510135 0.013750 0.030405
