1 0.886475 0.669596 0.067871 0.111328
1 0.330078 0.509766 0.025391 0.045573
1 0.055664 0.689453 0.071289 0.115885
1 0.615234 0.458333 0.016602 0.028646
1 0.676514 0.503255 0.020020 0.042969
1 0.410400 0.455729 0.014160 0.028646
1 0.436035 0.438802 0.011719 0.019531
1 0.581543 0.438151 0.010742 0.014323
1 0.451904 0.425456 0.010254 0.017578
1 0.565918 0.423503 0.007812 0.014974
1 0.550537 0.415690 0.005371 0.011068
1 0.543213 0.410156 0.005371 0.010417
1 0.466553 0.418294 0.008301 0.013672
1 0.576660 0.404297 0.004883 0.006510
1 0.478027 0.407552 0.004883 0.007812
1 0.473633 0.413086 0.004883 0.008464
1 0.633545 0.404948 0.005371 0.009115
1 0.563965 0.401367 0.004883 0.008464
1 0.537598 0.406576 0.004883 0.009766
1 0.613281 0.407552 0.005859 0.011719
