1 0.104980 0.763346 0.099609 0.145182
1 0.450439 0.427734 0.011230 0.020833
1 0.695801 0.471354 0.021484 0.039062
1 0.624756 0.435547 0.010254 0.020833
1 0.615479 0.425130 0.009277 0.016927
1 0.403564 0.474935 0.018066 0.039714
1 0.466553 0.419271 0.007324 0.015625
1 0.654053 0.412435 0.005371 0.012370
1 0.628906 0.419922 0.007812 0.014323
1 0.581299 0.405273 0.005371 0.009766
1 0.522461 0.412435 0.006836 0.012370
1 0.701172 0.403646 0.005859 0.010417
1 0.672607 0.408203 0.005371 0.010417
1 0.730469 0.402018 0.004883 0.009766
1 0.765625 0.400065 0.004883 0.011068
