1 0.165625 0.561655 0.086250 0.130068
1 0.025000 0.549831 0.047500 0.089527
1 0.072500 0.531250 0.032500 0.065878
1 0.310000 0.571791 0.115000 0.160473
1 0.217500 0.519426 0.022500 0.052365
1 0.408750 0.500845 0.012500 0.028716
1 0.376250 0.512669 0.020000 0.042230
1 0.453750 0.507601 0.017500 0.035473
1 0.422500 0.500845 0.010000 0.025338
1 0.501875 0.503378 0.011250 0.030405
1 0.525625 0.501689 0.011250 0.023649
1 0.432500 0.500845 0.007500 0.018581
1 0.386875 0.500845 0.011250 0.025338
1 0.546875 0.500000 0.008750 0.020270
1 0.248125 0.510980 0.016250 0.035473
1 0.470000 0.501689 0.010000 0.016892
1 0.090625 0.512669 0.011250 0.025338
