1 0.714111 0.563477 0.043457 0.070964
1 0.478027 0.437174 0.009766 0.022786
1 0.098633 0.552409 0.038086 0.064453
1 0.382080 0.461589 0.014160 0.031250
1 0.673828 0.470378 0.019531 0.033203
1 0.504639 0.426107 0.009277 0.018880
1 0.702148 0.443685 0.011719 0.021484
1 0.678711 0.432292 0.009766 0.018229
1 0.494385 0.419271 0.007324 0.013021
1 0.543945 0.411784 0.006836 0.012370
1 0.651367 0.423177 0.008789 0.015625
1 0.611816 0.417318 0.007812 0.014323
1 0.441895 0.415690 0.006836 0.013672
1 0.488770 0.408529 0.005859 0.011068
1 0.361816 0.413411 0.006836 0.013021
1 0.336426 0.406576 0.004883 0.009766
1 0.374268 0.407552 0.005371 0.010417
1 0.287842 0.412109 0.005371 0.010417
1 0.253418 0.410807 0.004883 0.009115
1 0.437988 0.408203 0.004883 0.011719
1 0.357910 0.404622 0.004883 0.008464
1 0.263672 0.406250 0.005859 0.009115
1 0.426025 0.394531 0.005371 0.006510
1 0.437988 0.396810 0.004883 0.008464
1 0.493164 0.395833 0.004883 0.007812
1 0.381348 0.400065 0.005859 0.009766
1 0.305176 0.402344 0.004883 0.009115
